Test accuracy: 0.7839285731315613
              precision    recall  f1-score   support

           0       0.67      0.89      0.76         9
           1       0.56      0.56      0.56         9
           2       0.88      0.78      0.82         9
           3       0.80      0.89      0.84         9
           4       1.00      0.89      0.94         9
           5       0.89      0.89      0.89         9
           6       1.00      0.89      0.94         9
           7       0.80      0.89      0.84         9
           8       1.00      1.00      1.00         9
           9       0.73      0.89      0.80         9
           A       1.00      1.00      1.00         9
           B       0.82      1.00      0.90         9
           C       0.56      0.56      0.56         9
           D       0.89      0.89      0.89         9
           E       0.75      1.00      0.86         9
           F       1.00      0.78      0.88         9
           G       1.00      0.89      0.94         9
           H       0.82      1.00      0.90         9
           I       0.89      0.89      0.89         9
           J       1.00      0.89      0.94         9
           K       0.70      0.78      0.74         9
           L       1.00      0.70      0.82        10
...
    accuracy                           0.78       560
   macro avg       0.80      0.78      0.78       560
weighted avg       0.80      0.78      0.78       560